(1,2) 4565.756793 6.000869 
4565.756793 
(1,3) 8191.989521 4.009007 
8191.989521 
(2,1) 4591.989521 6.000889 
4591.989521 
(2,6) 6012.126250 6.621378 
6012.126250 
(3,1) 8165.756793 4.008892 
8165.756793 
(3,4) 14332.536657 4.295386 
14332.536657 
(3,12) 10400.146400 4.023398 
10400.146400 
(4,3) 14361.787422 4.297805 
14361.787422 
(4,5) 18332.536657 2.338853 
18332.536657 
(4,11) 5200.000000 7.133300 
5200.000000 
(5,4) 18361.787422 2.341021 
18361.787422 
(5,6) 8796.873117 9.994423 
8796.873117 
(5,9) 15882.032997 9.771837 
15882.032997 
(6,2) 6038.358978 6.649862 
6038.358978 
(6,5) 8805.424135 10.017765 
8805.424135 
(6,8) 12562.629911 14.976572 
12562.629911 
(7,8) 12208.107079 5.643262 
12208.107079 
(7,18) 15252.269623 2.054118 
15252.269623 
(8,6) 12597.413655 15.120890 
12597.413655 
(8,7) 12152.269623 5.595234 
12152.269623 
(8,9) 6939.875951 15.348920 
6939.875951 
(8,16) 8403.286287 10.769391 
8403.286287 
(9,5) 15902.732745 9.796763 
15902.732745 
(9,8) 6892.925999 15.205636 
6892.925999 
(9,10) 21789.106998 5.704824 
21789.106998 
(10,9) 21862.856794 5.741630 
21862.856794 
(10,11) 17604.103136 12.203057 
17604.103136 
(10,15) 23214.652934 13.841742 
23214.652934 
(10,16) 11078.789274 20.270203 
11078.789274 
(10,17) 8100.000000 16.308017 
8100.000000 
(11,4) 5300.000000 7.223025 
5300.000000 
(11,10) 17476.664722 11.996736 
17476.664722 
(11,12) 8476.214085 14.000910 
8476.214085 
(11,14) 9804.854043 13.805730 
9804.854043 
(12,3) 10344.662908 4.022903 
10344.662908 
(12,11) 8509.189253 14.126142 
8509.189253 
(12,13) 12776.360485 3.026646 
12776.360485 
(13,12) 12853.852160 3.027298 
12853.852160 
(13,24) 10846.147840 16.358152 
10846.147840 
(14,11) 9844.440461 13.965051 
9844.440461 
(14,15) 8973.923838 12.036542 
8973.923838 
(14,23) 8500.922115 9.326775 
8500.922115 
(15,10) 23286.402211 13.939138 
23286.402211 
(15,14) 9019.027645 12.179077 
9019.027645 
(15,19) 19675.643233 4.498704 
19675.643233 
(15,22) 18588.629122 9.327983 
18588.629122 
(16,8) 8429.182527 10.840838 
8429.182527 
(16,10) 11108.228206 20.443828 
11108.228206 
(16,17) 11499.432834 9.012132 
11499.432834 
(16,18) 14767.119291 3.142661 
14767.119291 
(17,10) 8100.000000 16.308017 
8100.000000 
(17,16) 11483.040401 8.972234 
11483.040401 
(17,19) 10075.332972 7.708834 
10075.332972 
(18,7) 15308.107079 2.054914 
15308.107079 
(18,16) 14838.846895 3.145453 
14838.846895 
(18,20) 18359.012211 4.227210 
18359.012211 
(19,15) 19720.393910 4.512385 
19720.393910 
(19,17) 10058.940540 7.671772 
10058.940540 
(19,20) 8616.702694 9.281168 
8616.702694 
(20,18) 18386.577272 4.228578 
18386.577272 
(20,19) 8645.060938 9.351034 
8645.060938 
(20,21) 7582.046380 10.537496 
7582.046380 
(20,22) 4952.041898 15.872657 
4952.041898 
(21,20) 7546.355892 10.452661 
7546.355892 
(21,22) 9549.773413 5.335160 
9549.773413 
(21,24) 10379.055938 12.167660 
10379.055938 
(22,15) 18560.731531 9.290081 
18560.731531 
(22,20) 4943.655691 15.799193 
4943.655691 
(22,21) 9557.528204 5.346006 
9557.528204 
(22,23) 9597.666881 12.145803 
9597.666881 
(23,14) 8495.404726 9.312959 
8495.404726 
(23,22) 9569.137873 12.049381 
9569.137873 
(23,24) 9288.367342 5.356867 
9288.367342 
(24,13) 10823.639515 16.255887 
10823.639515 
(24,21) 10335.610659 12.015123 
10335.610659 
(24,23) 9254.320945 5.307918 
9254.320945 
