(1,2) 4495.635043 6.000817 
4495.635043 
(1,3) 8116.431679 4.008679 
8116.431679 
(2,1) 4516.431679 6.000832 
4516.431679 
(2,6) 5953.020158 6.558552 
5953.020158 
(3,1) 8095.635043 4.008591 
8095.635043 
(3,4) 14021.785557 4.270590 
14021.785557 
(3,12) 10028.250689 4.020227 
10028.250689 
(4,3) 14054.433896 4.273119 
14054.433896 
(4,5) 18021.785557 2.316455 
18021.785557 
(4,11) 5200.000000 7.133300 
5200.000000 
(5,4) 18045.238855 2.318106 
18045.238855 
(5,6) 8794.954166 9.989194 
8794.954166 
(5,9) 15784.216505 9.655361 
15784.216505 
(6,2) 5973.816793 6.580445 
5973.816793 
(6,5) 8803.752914 10.013197 
8803.752914 
(6,8) 12490.589209 14.681465 
12490.589209 
(7,8) 12089.105604 5.541696 
12089.105604 
(7,18) 15854.394269 2.063183 
15854.394269 
(8,6) 12520.184593 14.802083 
12520.184593 
(8,7) 12032.228430 5.494200 
12032.228430 
(8,9) 6872.919442 15.145461 
6872.919442 
(8,16) 8387.395515 10.725875 
8387.395515 
(9,5) 15798.871055 9.672674 
15798.871055 
(9,8) 6829.034736 15.015296 
6829.034736 
(9,10) 21755.181770 5.688018 
21755.181770 
(10,9) 21825.951613 5.723165 
21825.951613 
(10,11) 17734.182005 12.418326 
17734.182005 
(10,15) 23140.470254 13.741988 
23140.470254 
(10,16) 11042.401682 20.057500 
11042.401682 
(10,17) 8100.000000 16.308017 
8100.000000 
(11,4) 5309.195042 7.231534 
5309.195042 
(11,10) 17607.280409 12.208259 
17607.280409 
(11,12) 8367.038405 13.596591 
8367.038405 
(11,14) 9780.600522 13.709066 
9780.600522 
(12,3) 9974.805715 4.019799 
9974.805715 
(12,11) 8408.290689 13.747518 
8408.290689 
(12,13) 12295.289094 3.022854 
12295.289094 
(13,12) 12383.096403 3.023513 
12383.096403 
(13,24) 11116.903597 17.639135 
11116.903597 
(14,11) 9821.641684 13.873059 
9821.641684 
(14,15) 9036.956149 12.236331 
9036.956149 
(14,23) 8396.480066 9.069781 
8396.480066 
(15,10) 23216.776174 13.844611 
23216.776174 
(15,14) 9076.705106 12.364489 
9076.705106 
(15,19) 19116.096019 4.335355 
19116.096019 
(15,22) 18397.945031 9.072299 
18397.945031 
(16,8) 8403.998431 10.771347 
8403.998431 
(16,10) 11063.767202 20.182137 
11063.767202 
(16,17) 11661.286570 9.415326 
11661.286570 
(16,18) 15326.964550 3.165556 
15326.964550 
(17,10) 8100.000000 16.308017 
8100.000000 
(17,16) 11652.937528 9.394112 
11652.937528 
(17,19) 9946.332521 7.422027 
9946.332521 
(18,7) 15911.271443 2.064094 
15911.271443 
(18,16) 15373.282027 3.167567 
15373.282027 
(18,20) 19037.858946 4.262726 
19037.858946 
(19,15) 19132.842954 4.340041 
19132.842954 
(19,17) 9937.983479 7.403845 
9937.983479 
(19,20) 8673.156815 9.420936 
8673.156815 
(20,18) 19041.053597 4.262902 
19041.053597 
(20,19) 8681.554708 9.441962 
8681.554708 
(20,21) 6310.285809 8.177041 
6310.285809 
(20,22) 7000.000000 7.713130 
7000.000000 
(21,20) 6221.878354 8.057579 
6221.878354 
(21,22) 8633.195156 4.227566 
8633.195156 
(21,24) 10309.340118 11.923815 
10309.340118 
(22,15) 18397.252972 9.071385 
18397.252972 
(22,20) 7000.000000 7.713130 
7000.000000 
(22,21) 8599.054308 4.192538 
8599.054308 
(22,23) 9660.717124 12.361972 
9660.717124 
(23,14) 8397.772271 9.072903 
8397.772271 
(23,22) 9625.884218 12.242022 
9625.884218 
(23,24) 7895.370788 3.752535 
7895.370788 
(24,13) 11104.710906 17.579397 
11104.710906 
(24,21) 10255.073509 11.737400 
10255.073509 
(24,23) 7861.830087 3.722944 
7861.830087 
